Model type: RCNN
Accuracy: 0.7957671957671958
Precision: 0.8577649131233059
Recall: 0.7957671957671958
F1-score: 0.8164950141143453
